---
layout: post
title: MYSQL
date: 2024-05-03 17:29 +0900
description: MYSQL
image: ../assets/img/hyun16.jpg
category: MYSQL
tags: MYSQL
published: true
sitemap: true
---

# ðŸ’¡SELECTðŸ’¡

## ðŸ’¡ì „ì²´ ë°ì´í„° ê°€ì ¸ì˜¤ê¸°
````
SELECT * FROM members;
````
````
mysql> SELECT * FROM members;
+----------+---------+---------+--------+----------+------------+
| memberID | youName | youPass | youAge | youBirth | regTime    |
+----------+---------+---------+--------+----------+------------+
|        1 | í™©ìƒì—°  | 1234    |     33 |   990304 | 1023958375 |
|        2 | ë‚¨ìœ¤ì„œ  | 1234    |     19 |    60121 | 1023958375 |
|        3 | ê¹€ì§„ìš°  | 1234    |     21 |    40416 | 1231231233 |
|        4 | ìµœì„ í™”  | 1234    |     26 |   990123 | 1104781152 |
|        5 | ì„œëŒ€ì›  | 1234    |     26 |    11019 | 1111100000 |
|        6 | ê¹€í˜„ë¯¼  | 1234    |     32 |   930604 | 1023958375 |
|        7 | í™©ì¸ì§€  | 1234    |     20 |   990315 | 1474187756 |
|        8 | ë°•ì •ë¯¼  | 1234    |     29 |   961017 | 1023958375 |
|        9 | ê°•ì„œì—°  | 1234    |     27 |   980420 |  123456744 |
|       10 | ì´ìž¬í˜  | 1215    |     24 |    10712 | 1023958375 |
|       11 | ë°•ì†Œí˜„  | 1234    |     29 |   960917 | 1231223123 |
|       12 | ê¹€í˜œì§€  | 1234    |     28 |   951002 |  123456789 |
|       13 | ê°•ê²½ë¯¼  | 1234    |     28 |   970611 | 1023952467 |
|       14 | ì•ˆì§€ì€  | 1234    |     33 |   840816 | 1023958375 |
|       15 | ë°•ì§„ì•„  | 1232    |     33 |   990304 | 1023958375 |
+----------+---------+---------+--------+----------+------------+
15 rows in set (0.00 sec)
````
 
## ðŸ’¡ì´ë¦„ ë°ì´í„°ë§Œ ê°€ì ¸ì˜¤ê¸°
````
SELECT youName FROM members;
````
````
mysql> SELECT youName FROM members;
+---------+
| youName |
+---------+
| í™©ìƒì—°  |
| ë‚¨ìœ¤ì„œ  |
| ê¹€ì§„ìš°  |
| ìµœì„ í™”  |
| ì„œëŒ€ì›  |
| ê¹€í˜„ë¯¼  |
| í™©ì¸ì§€  |
| ë°•ì •ë¯¼  |
| ê°•ì„œì—°  |
| ì´ìž¬í˜  |
| ë°•ì†Œí˜„  |
| ê¹€í˜œì§€  |
| ê°•ê²½ë¯¼  |
| ì•ˆì§€ì€  |
| ë°•ì§„ì•„  |
+---------+
15 rows in set (0.00 sec)

````
 
## ðŸ’¡ì´ë¦„ + ë‚˜ì´ ë°ì´í„°ë§Œ ê°€ì ¸ì˜¤ê¸°
````
SELECT youName , youAge FROM members;
````
````
SELECT youName , youAge FROM members;
+---------+--------+
| youName | youAge |
+---------+--------+
| í™©ìƒì—°  |     33 |
| ë‚¨ìœ¤ì„œ  |     19 |
| ê¹€ì§„ìš°  |     21 |
| ìµœì„ í™”  |     26 |
| ì„œëŒ€ì›  |     26 |
| ê¹€í˜„ë¯¼  |     32 |
| í™©ì¸ì§€  |     20 |
| ë°•ì •ë¯¼  |     29 |
| ê°•ì„œì—°  |     27 |
| ì´ìž¬í˜  |     24 |
| ë°•ì†Œí˜„  |     29 |
| ê¹€í˜œì§€  |     28 |
| ê°•ê²½ë¯¼  |     28 |
| ì•ˆì§€ì€  |     33 |
| ë°•ì§„ì•„  |     33 |
+---------+--------+
15 rows in set (0.00 sec)
````
 
## ðŸ’¡ì´ë¦„ ë‚´ë¦¼ì°¨ìˆœ ë¶ˆëŸ¬ì˜¤ê¸°
````
SELECT * FROM members ORDER by youName DESC;
````
````
mysql> SELECT * FROM members ORDER by youName DESC;
+----------+---------+---------+--------+----------+------------+
| memberID | youName | youPass | youAge | youBirth | regTime    |
+----------+---------+---------+--------+----------+------------+
|        7 | í™©ì¸ì§€  | 1234    |     20 |   990315 | 1474187756 |
|        1 | í™©ìƒì—°  | 1234    |     33 |   990304 | 1023958375 |
|        4 | ìµœì„ í™”  | 1234    |     26 |   990123 | 1104781152 |
|       10 | ì´ìž¬í˜  | 1215    |     24 |    10712 | 1023958375 |
|       14 | ì•ˆì§€ì€  | 1234    |     33 |   840816 | 1023958375 |
|        5 | ì„œëŒ€ì›  | 1234    |     26 |    11019 | 1111100000 |
|       15 | ë°•ì§„ì•„  | 1232    |     33 |   990304 | 1023958375 |
|        8 | ë°•ì •ë¯¼  | 1234    |     29 |   961017 | 1023958375 |
|       11 | ë°•ì†Œí˜„  | 1234    |     29 |   960917 | 1231223123 |
|        2 | ë‚¨ìœ¤ì„œ  | 1234    |     19 |    60121 | 1023958375 |
|       12 | ê¹€í˜œì§€  | 1234    |     28 |   951002 |  123456789 |
|        6 | ê¹€í˜„ë¯¼  | 1234    |     32 |   930604 | 1023958375 |
|        3 | ê¹€ì§„ìš°  | 1234    |     21 |    40416 | 1231231233 |
|        9 | ê°•ì„œì—°  | 1234    |     27 |   980420 |  123456744 |
|       13 | ê°•ê²½ë¯¼  | 1234    |     28 |   970611 | 1023952467 |
+----------+---------+---------+--------+----------+------------+
15 rows in set (0.00 sec)
````

## ðŸ’¡ì´ë¦„ ì˜¬ë¦¼ì°¨ìˆœ ë¶ˆëŸ¬ì˜¤ê¸°
````
SELECT * FROM members ORDER by youName ASC;
````
````
mysql> SELECT * FROM members ORDER by youName ASC;
+----------+---------+---------+--------+----------+------------+
| memberID | youName | youPass | youAge | youBirth | regTime    |
+----------+---------+---------+--------+----------+------------+
|       13 | ê°•ê²½ë¯¼  | 1234    |     28 |   970611 | 1023952467 |
|        9 | ê°•ì„œì—°  | 1234    |     27 |   980420 |  123456744 |
|        3 | ê¹€ì§„ìš°  | 1234    |     21 |    40416 | 1231231233 |
|        6 | ê¹€í˜„ë¯¼  | 1234    |     32 |   930604 | 1023958375 |
|       12 | ê¹€í˜œì§€  | 1234    |     28 |   951002 |  123456789 |
|        2 | ë‚¨ìœ¤ì„œ  | 1234    |     19 |    60121 | 1023958375 |
|       11 | ë°•ì†Œí˜„  | 1234    |     29 |   960917 | 1231223123 |
|        8 | ë°•ì •ë¯¼  | 1234    |     29 |   961017 | 1023958375 |
|       15 | ë°•ì§„ì•„  | 1232    |     33 |   990304 | 1023958375 |
|        5 | ì„œëŒ€ì›  | 1234    |     26 |    11019 | 1111100000 |
|       14 | ì•ˆì§€ì€  | 1234    |     33 |   840816 | 1023958375 |
|       10 | ì´ìž¬í˜  | 1215    |     24 |    10712 | 1023958375 |
|        4 | ìµœì„ í™”  | 1234    |     26 |   990123 | 1104781152 |
|        1 | í™©ìƒì—°  | 1234    |     33 |   990304 | 1023958375 |
|        7 | í™©ì¸ì§€  | 1234    |     20 |   990315 | 1474187756 |
+----------+---------+---------+--------+----------+------------+
15 rows in set (0.00 sec)
````

## ðŸ’¡ë‚˜ì´ ë‚´ë¦¼ì°¨ìˆœ ë¶ˆëŸ¬ì˜¤ê¸°
````
SELECT * FROM members ORDER by youAge ASC;
````
````
mysql> SELECT * FROM *  members ORDER by youAge ASC;
+----------+---------+---------+--------+----------+------------+
| memberID | youName | youPass | youAge | youBirth | regTime    |
+----------+---------+---------+--------+----------+------------+
|        2 | ë‚¨ìœ¤ì„œ  | 1234    |     19 |    60121 | 1023958375 |
|        7 | í™©ì¸ì§€  | 1234    |     20 |   990315 | 1474187756 |
|        3 | ê¹€ì§„ìš°  | 1234    |     21 |    40416 | 1231231233 |
|       10 | ì´ìž¬í˜  | 1215    |     24 |    10712 | 1023958375 |
|        4 | ìµœì„ í™”  | 1234    |     26 |   990123 | 1104781152 |
|        5 | ì„œëŒ€ì›  | 1234    |     26 |    11019 | 1111100000 |
|        9 | ê°•ì„œì—°  | 1234    |     27 |   980420 |  123456744 |
|       12 | ê¹€í˜œì§€  | 1234    |     28 |   951002 |  123456789 |
|       13 | ê°•ê²½ë¯¼  | 1234    |     28 |   970611 | 1023952467 |
|        8 | ë°•ì •ë¯¼  | 1234    |     29 |   961017 | 1023958375 |
|       11 | ë°•ì†Œí˜„  | 1234    |     29 |   960917 | 1231223123 |
|        6 | ê¹€í˜„ë¯¼  | 1234    |     32 |   930604 | 1023958375 |
|        1 | í™©ìƒì—°  | 1234    |     33 |   990304 | 1023958375 |
|       14 | ì•ˆì§€ì€  | 1234    |     33 |   840816 | 1023958375 |
|       15 | ë°•ì§„ì•„  | 1232    |     33 |   990304 | 1023958375 |
+----------+---------+---------+--------+----------+------------+
15 rows in set (0.00 sec)
````

## ðŸ’¡memberIDê°€ 1ì¸ ë°ì´í„°
````
SELECT * FROM members WHERE memberID = 1;
````
````
mysql> SELECT * FROM members WHERE memberID = 1;
+----------+---------+---------+--------+----------+------------+
| memberID | youName | youPass | youAge | youBirth | regTime    |
+----------+---------+---------+--------+----------+------------+
|        1 | í™©ìƒì—°  | 1234    |     33 |   990304 | 1023958375 |
+----------+---------+---------+--------+----------+------------+
1 row in set (0.00 sec)
````

## ðŸ’¡memberID ê°€ 10ë³´ë‹¤ í° ë°ì´í„°
````
SELECT * FROM members WHERE memberID > 10;
````
````
mysql> SELECT * FROM members WHERE memberID > 10;
+----------+---------+---------+--------+----------+------------+
| memberID | youName | youPass | youAge | youBirth | regTime    |
+----------+---------+---------+--------+----------+------------+
|       11 | ë°•ì†Œí˜„  | 1234    |     29 |   960917 | 1231223123 |
|       12 | ê¹€í˜œì§€  | 1234    |     28 |   951002 |  123456789 |
|       13 | ê°•ê²½ë¯¼  | 1234    |     28 |   970611 | 1023952467 |
|       14 | ì•ˆì§€ì€  | 1234    |     33 |   840816 | 1023958375 |
|       15 | ë°•ì§„ì•„  | 1232    |     33 |   990304 | 1023958375 |
+----------+---------+---------+--------+----------+------------+
5 rows in set (0.00 sec)
````

## ðŸ’¡memberIDê°€ 5ë³´ë‹¤ í¬ê³  10ë³´ë‹¤ ìž‘ì€ ë°ì´í„°
````
SELECT * FROM members WHERE memberID > 5 and memberID < 10;
````
````
mysql> SELECT * FROM members WHERE memberID > 5 and memberID < 10;
+----------+---------+---------+--------+----------+------------+
| memberID | youName | youPass | youAge | youBirth | regTime    |
+----------+---------+---------+--------+----------+------------+
|        6 | ê¹€í˜„ë¯¼  | 1234    |     32 |   930604 | 1023958375 |
|        7 | í™©ì¸ì§€  | 1234    |     20 |   990315 | 1474187756 |
|        8 | ë°•ì •ë¯¼  | 1234    |     29 |   961017 | 1023958375 |
|        9 | ê°•ì„œì—°  | 1234    |     27 |   980420 |  123456744 |
+----------+---------+---------+--------+----------+------------+
4 rows in set (0.00 sec)
````

## ðŸ’¡memberIDê°€ 1,5,10ì¸ ë°ì´í„°
````
SELECT * FROM members WHERE memberID IN (1,5,10);
````
````
mysql> SELECT * FROM members WHERE memberID IN (1,5,10);
+----------+---------+---------+--------+----------+------------+
| memberID | youName | youPass | youAge | youBirth | regTime    |
+----------+---------+---------+--------+----------+------------+
|        1 | í™©ìƒì—°  | 1234    |     33 |   990304 | 1023958375 |
|        5 | ì„œëŒ€ì›  | 1234    |     26 |    11019 | 1111100000 |
|       10 | ì´ìž¬í˜  | 1215    |     24 |    10712 | 1023958375 |
+----------+---------+---------+--------+----------+------------+
3 rows in set (0.00 sec)
````

## ðŸ’¡ë‚˜ì´ê°€ 30~40ì¸ ê²½ìš°ë§Œ ë¶ˆëŸ¬ì˜¤ê¸° (BETWEEN)
````
SELECT * FROM members WHERE youAge BETWEEN 30 and 40;
````
````
mysql> SELECT * FROM members where youAge BETWEEN 30 and 40;
+----------+---------+---------+--------+----------+------------+
| memberID | youName | youPass | youAge | youBirth | regTime    |
+----------+---------+---------+--------+----------+------------+
|        1 | í™©ìƒì—°  | 1234    |     33 |   990304 | 1023958375 |
|        6 | ê¹€í˜„ë¯¼  | 1234    |     32 |   930604 | 1023958375 |
|       14 | ì•ˆì§€ì€  | 1234    |     33 |   840816 | 1023958375 |
|       15 | ë°•ì§„ì•„  | 1232    |     33 |   990304 | 1023958375 |
+----------+---------+---------+--------+----------+------------+
4 rows in set (0.00 sec)
````

## ðŸ’¡ë‚˜ì´ê°€ 30~40ì´ ì•„ë‹Œ ê²½ìš°ë§Œ ë¶ˆëŸ¬ì˜¤ê¸° (BETWEEN)
````
SELECT * FROM members WHERE youAge not BETWEEN 30 and 40;
````
````
mysql> SELECT * FROM members where youAge not BETWEEN 30 and 40;
+----------+---------+---------+--------+----------+------------+
| memberID | youName | youPass | youAge | youBirth | regTime    |
+----------+---------+---------+--------+----------+------------+
|        2 | ë‚¨ìœ¤ì„œ  | 1234    |     19 |    60121 | 1023958375 |
|        3 | ê¹€ì§„ìš°  | 1234    |     21 |    40416 | 1231231233 |
|        4 | ìµœì„ í™”  | 1234    |     26 |   990123 | 1104781152 |
|        5 | ì„œëŒ€ì›  | 1234    |     26 |    11019 | 1111100000 |
|        7 | í™©ì¸ì§€  | 1234    |     20 |   990315 | 1474187756 |
|        8 | ë°•ì •ë¯¼  | 1234    |     29 |   961017 | 1023958375 |
|        9 | ê°•ì„œì—°  | 1234    |     27 |   980420 |  123456744 |
|       10 | ì´ìž¬í˜  | 1215    |     24 |    10712 | 1023958375 |
|       11 | ë°•ì†Œí˜„  | 1234    |     29 |   960917 | 1231223123 |
|       12 | ê¹€í˜œì§€  | 1234    |     28 |   951002 |  123456789 |
|       13 | ê°•ê²½ë¯¼  | 1234    |     28 |   970611 | 1023952467 |
+----------+---------+---------+--------+----------+------------+
11 rows in set (0.00 sec)
````

## ðŸ’¡ì´ë¦„ ì¤‘ì— 'ì—°' í…ìŠ¤íŠ¸ê°€ í¬í•¨ëœ ì´ë¦„ ë¶ˆëŸ¬ì˜¤ê¸°
````
SELECT * FROM members WHERE youName like '% ì—°%;
````
````
+----------+-----------+---------+--------+----------+------------+
| memberID | youName   | youPass | youAge | youBirth | regTime    |
+----------+-----------+---------+--------+----------+------------+
|        1 | í™©ìƒì—°    | 1234    |     33 |   990304 | 1023958375   |
|        9 | ê°•ì„œì—°    | 1234    |     27 |   980420 |  123456744   |
+----------+-----------+---------+--------+----------+------------+
2 rows in set (0.00 sec)
````

## ðŸ’¡ì´ë¦„ ì¤‘ì— 'ê¹€' í…ìŠ¤íŠ¸ë¡œ ì‹œìž‘ë˜ëŠ” ì´ë¦„ ë¶ˆëŸ¬ì˜¤ê¸°
````
SELECT * FROM members WHERE youName like 'ê¹€%';
````
````
+----------+-----------+---------+--------+----------+------------+
| memberID | youName   | youPass | youAge | youBirth | regTime    |
+----------+-----------+---------+--------+----------+------------+
|        3 | ê¹€ì§„ìš°    | 1234    |     21 |    40416 | 1231231233   |
|        6 | ê¹€í˜„ë¯¼    | 1234    |     32 |   930604 | 1023958375   |
|       12 | ê¹€í˜œì§€    | 1234    |     28 |   951002 |  123456789   |
+----------+-----------+---------+--------+----------+------------+
3 rows in set (0.01 sec)
````

## ðŸ’¡ì´ë¦„ ì¤‘ì— 'í˜„' í…ìŠ¤íŠ¸ë¡œ ëë‚˜ëŠ” ì´ë¦„ ë¶ˆëŸ¬ì˜¤ê¸°
````
SELECT * FROM members WHERE youName like '%í˜„';
````
````
+----------+-----------+---------+--------+----------+------------+
| memberID | youName   | youPass | youAge | youBirth | regTime    |
+----------+-----------+---------+--------+----------+------------+
|       11 | ë°•ì†Œí˜„    | 1234    |     29 |   960917 | 1231223123   |
+----------+-----------+---------+--------+----------+------------+
1 row in set (0.00 sec)
````

## ðŸ’¡ì´ë¦„ ì¤‘ê°„ì— 'ìƒ' í…ìŠ¤íŠ¸ê°€ ë“¤ì–´ê°€ëŠ” 3ê¸€ìž ì´ë¦„ ë¶ˆëŸ¬ì˜¤ê¸°
````
SELECT * FROM members WHERE youName like '_ìƒ_';
````
````
+----------+-----------+---------+--------+----------+------------+
| memberID | youName   | youPass | youAge | youBirth | regTime    |
+----------+-----------+---------+--------+----------+------------+
|        1 | í™©ìƒì—°    | 1234    |     33 |   990304 | 1023958375   |
+----------+-----------+---------+--------+----------+------------+
1 row in set (0.00 sec)
````

## ðŸ’¡ì´ë¦„ ì¤‘ì— "ê¹€" ë˜ëŠ” "ì´"ë¡œ ì‹œìž‘í•˜ëŠ” ì´ë¦„ ë¶ˆëŸ¬ì˜¤ê¸°
````
SELECT * FROM members WHERE youName like 'ê¹€%' or youName like 'ì´%';
````
````
+----------+-----------+---------+--------+----------+------------+
| memberID | youName   | youPass | youAge | youBirth | regTime    |
+----------+-----------+---------+--------+----------+------------+
|        3 | ê¹€ì§„ìš°    | 1234    |     21 |    40416 | 1231231233   |
|        6 | ê¹€í˜„ë¯¼    | 1234    |     32 |   930604 | 1023958375   |
|       10 | ì´ìž¬í˜    | 1215    |     24 |    10712 | 1023958375   |
|       12 | ê¹€í˜œì§€    | 1234    |     28 |   951002 |  123456789   |
+----------+-----------+---------+--------+----------+------------+
4 rows in set (0.00 sec)           
````

## ðŸ’¡ë°ì´í„°ë¥¼ 5ê°œë§Œ ë¶ˆëŸ¬ì˜¤ê¸°
````
SELECT * FROM members LIMIT 5;
````
````
SELECT * FROM members LIMIT 5;
+----------+-----------+---------+--------+----------+------------+
| memberID | youName   | youPass | youAge | youBirth | regTime    |
+----------+-----------+---------+--------+----------+------------+
|        1 | í™©ìƒì—°    | 1234    |     33 |   990304 | 1023958375 |
|        2 | ë‚¨ìœ¤ì„œ    | 1234    |     19 |    60121 | 1023958375 |
|        3 | ê¹€ì§„ìš°    | 1234    |     21 |    40416 | 1231231233 |
|        4 | ìµœì„ í™”    | 1234    |     26 |   990123 | 1104781152 |
|        5 | ì„œëŒ€ì›    | 1234    |     26 |    11019 | 1111100000 |
+----------+-----------+---------+--------+----------+------------+
5 rows in set (0.00 sec)
````

## ðŸ’¡ë°ì´í„°ë¥¼ 5ê°œë§Œ ë¶ˆëŸ¬ì˜¤ê¸°(6ë²ˆ~10ë²ˆ)
````
SELECT * FROM members LIMIT 5, 5;
````
````
SELECT * FROM members LIMIT 5, 5;
+----------+-----------+---------+--------+----------+------------+
| memberID | youName   | youPass | youAge | youBirth | regTime    |
+----------+-----------+---------+--------+----------+------------+
|        6 | ê¹€í˜„ë¯¼    | 1234    |     32 |   930604 | 1023958375   |
|        7 | í™©ì¸ì§€    | 1234    |     20 |   990315 | 1474187756   |
|        8 | ë°•ì •ë¯¼    | 1234    |     29 |   961017 | 1023958375   |
|        9 | ê°•ì„œì—°    | 1234    |     27 |   980420 |  123456744   |
|       10 | ì´ìž¬í˜    | 1215    |     24 |    10712 | 1023958375   |
+----------+-----------+---------+--------+----------+------------+
5 rows in set (0.00 sec)
````

## ðŸ’¡ë°ì´í„°ë¥¼ 5ê°œë§Œ ë¶ˆëŸ¬ì˜¤ê¸°(11ë²ˆ~15ë²ˆ)
````
SELECT * FROM members LIMIT 10, 5;
````
````
SELECT * FROM members LIMIT 10, 5;
+----------+-----------+---------+--------+----------+------------+
| memberID | youName   | youPass | youAge | youBirth | regTime    |
+----------+-----------+---------+--------+----------+------------+
|       11 | ë°•ì†Œí˜„    | 1234    |     29 |   960917 | 1231223123   |
|       12 | ê¹€í˜œì§€    | 1234    |     28 |   951002 |  123456789   |
|       13 | ê°•ê²½ë¯¼    | 1234    |     28 |   970611 | 1023952467   |
|       14 | ì•ˆì§€ì€    | 1234    |     33 |   840816 | 1023958375   |
|       15 | ë°•ì§„ì•„    | 1232    |     33 |   990304 | 1023958375   |
+----------+-----------+---------+--------+----------+------------+
5 rows in set (0.00 sec)
````

## ðŸ’¡ì´ë¦„ í•„ë“œ ë°ì´í„° ì´ ê°¯ìˆ˜ ë¶ˆëŸ¬ì˜¤ê¸°
````
SELECT count(youName) FROM members;
````
````
SELECT count(youName) FROM members;
+----------+
|count(youName)|
+----------+
|       15 |
+----------+
1 row in set (0.01 sec)
````

## ðŸ’¡ë‚˜ì´ ë¶ˆëŸ¬ì˜¤ê¸°(ì¤‘ë³µëœ ë‚˜ì´ë¥¼ ì œê±°)
````
SELECT DISTINCT youAge FROM members;
````
````
SELECT DISTINCT youAge FROM members;
+--------+
| youAge |
+--------+
|     33 |
|     19 |
|     21 |
|     26 |
|     32 |
|     20 |
|     29 |
|     27 |
|     24 |
|     28 |
+--------+
10 rows in set (0.00 sec)
````

## ðŸ’¡ë‚˜ì´ê°€ 25ì‚´ ì´ìƒ, ì„±ì´ í™©ì”¨ì¸ ì‚¬ëžŒ
````
SELECT * FROM members WHERE youAge > 25 AND youName Like "í™©%";
````
````
SELECT * FROM members WHERE youAge > 25 AND youName like "í™©%";
+----------+-----------+---------+--------+----------+------------+
| memberID | youName   | youPass | youAge | youBirth | regTime    |
+----------+-----------+---------+--------+----------+------------+
|        1 | í™©ìƒì—°    | 1234    |     33 |   990304 | 1023958375   |
+----------+-----------+---------+--------+----------+------------+
1 row in set (0.00 sec)
````

## ðŸ’¡ë‚˜ì´ê°€ 30ì‚´ ì´ìƒ, memberIDê°€ 2 ë˜ëŠ” 15ì¸ ë©¤ë²„
````
SELECT * FROM members WHERE youAge >= 30 AND (memberID = 2 OR memberID = 15); SELECT * FROM members WHERE youAge >= 30 AND memberID IN(2,15);
````
````
SELECT * FROM members WHERE youAge > 30 AND memberID = 2 OR memberID = 15;
+----------+-----------+---------+--------+----------+------------+
| memberID | youName   | youPass | youAge | youBirth | regTime    |
+----------+-----------+---------+--------+----------+------------+
|       15 | ë°•ì§„ì•„    | 1232    |     33 |   990304 | 1023958375   |
+----------+-----------+---------+--------+----------+------------+
1 row in set (0.01 sec)
                
````